-1.804394125938415527e-01
1.980242431163787842e-01
-2.583694756031036377e-01
-2.804519832134246826e-01
2.524870634078979492e-01
1.682051718235015869e-01
1.640944182872772217e-01
1.246085166931152344e-01
-2.506586611270904541e-01
-2.642712593078613281e-01
-1.593942642211914062e-01
-6.072423607110977173e-02
9.186270833015441895e-02
-9.279858320951461792e-02
-2.417368590831756592e-01
2.018746584653854370e-01
-8.686865866184234619e-02
-7.352062314748764038e-02
-1.525252014398574829e-01
-4.001344740390777588e-02
1.771242618560791016e-01
1.945918612182140350e-02
2.423514127731323242e-01
1.778360009193420410e-01
2.470559179782867432e-01
4.030326008796691895e-02
2.130353003740310669e-01
2.606095373630523682e-01
-2.766955457627773285e-02
-1.214469522237777710e-01
2.819952182471752167e-02
-2.474004328250885010e-01
-2.851248383522033691e-01
2.521430253982543945e-01
3.144783526659011841e-02
1.978970617055892944e-01
1.922820955514907837e-01
-2.692230641841888428e-01
2.563564181327819824e-01
2.445066533982753754e-02
-2.353388816118240356e-01
-4.275090247392654419e-02
2.224706858396530151e-01
-6.888394057750701904e-02
2.354632019996643066e-01
5.046264827251434326e-02
-2.655913233757019043e-01
2.475410103797912598e-01
-2.413678318262100220e-01
1.101495772600173950e-01
-2.101922333240509033e-01
-1.215913966298103333e-01
-2.644384205341339111e-01
3.376303240656852722e-02
-1.911152750253677368e-01
5.964668467640876770e-02
1.110341474413871765e-01
3.138081729412078857e-02
1.107903867959976196e-01
2.604116797447204590e-01
2.599992156028747559e-01
-2.554078400135040283e-01
1.863543391227722168e-01
-2.616975009441375732e-01
7.402094453573226929e-02
8.542335778474807739e-02
-2.749788165092468262e-01
-2.247569710016250610e-01
-2.496229559183120728e-01
-2.120082229375839233e-01
2.224693447351455688e-01
4.119496326893568039e-03
2.625197470188140869e-01
5.725264176726341248e-02
1.716697514057159424e-01
-6.387967616319656372e-02
-2.110822647809982300e-01
-7.192310877144336700e-03
-2.411411851644515991e-01
2.452580481767654419e-01
-2.678550481796264648e-01
-1.106407716870307922e-01
2.458436787128448486e-01
5.431079491972923279e-02
1.721248030662536621e-01
-2.492391020059585571e-01
2.717468440532684326e-01
7.894434034824371338e-02
-2.530340254306793213e-01
-2.444876879453659058e-01
-1.586587540805339813e-02
-2.244397699832916260e-01
-2.584368884563446045e-01
-1.349105834960937500e-01
-2.540307044982910156e-01
-1.986254453659057617e-01
-2.360254079103469849e-01
2.103870958089828491e-01
1.706241071224212646e-01
-2.560546696186065674e-01
