-2.361773699522018433e-01
-2.253712564706802368e-01
1.267929375171661377e-01
9.342346340417861938e-02
8.811361342668533325e-02
2.294834256172180176e-01
2.541560232639312744e-01
2.523607313632965088e-01
-2.245807945728302002e-01
9.434659034013748169e-02
-2.020387500524520874e-01
-7.094532251358032227e-02
2.550681531429290771e-01
2.309892177581787109e-01
-1.258431673049926758e-01
1.949366182088851929e-01
-2.131709009408950806e-01
2.349773049354553223e-01
2.068559229373931885e-01
1.018223911523818970e-01
-6.930300593376159668e-02
2.294702678918838501e-01
1.979475915431976318e-01
2.480561882257461548e-01
1.409896016120910645e-01
1.060883849859237671e-01
-6.420657783746719360e-02
2.701316773891448975e-01
-9.478790313005447388e-02
-2.517088055610656738e-01
2.283534221351146698e-02
-2.461795210838317871e-01
-2.329229004681110382e-02
-2.561291754245758057e-01
1.920228824019432068e-02
-2.533083856105804443e-01
-1.374278515577316284e-01
3.370314603671431541e-03
-2.544667720794677734e-01
2.580109238624572754e-01
2.195148766040802002e-01
-2.458938211202621460e-01
-2.108719199895858765e-01
1.622589379549026489e-01
-2.612127661705017090e-01
1.805678158998489380e-01
-2.519912421703338623e-01
7.546398043632507324e-02
1.310558021068572998e-01
-2.887473814189434052e-02
1.071598976850509644e-01
1.096247956156730652e-01
2.752888575196266174e-02
2.142217159271240234e-01
-2.195000648498535156e-01
2.199966609477996826e-01
2.059436887502670288e-01
-1.283858567476272583e-01
-3.349795937538146973e-02
-2.754285931587219238e-01
-2.204659432172775269e-01
-2.649745643138885498e-01
2.516964375972747803e-01
-2.436066269874572754e-01
-2.509742379188537598e-01
1.018440872430801392e-01
-2.165812849998474121e-01
6.680391728878021240e-02
1.883018463850021362e-01
-2.479446381330490112e-01
2.462032735347747803e-01
6.067840754985809326e-02
-4.459299892187118530e-02
-2.575480937957763672e-01
2.599461078643798828e-01
2.305410802364349365e-01
2.492075413465499878e-02
-2.156595885753631592e-01
2.361206710338592529e-01
2.561998963356018066e-01
-2.104706615209579468e-01
3.571015223860740662e-02
1.016764938831329346e-01
1.047810688614845276e-01
-2.385427653789520264e-01
-3.621711581945419312e-02
-2.142390161752700806e-01
1.071699615567922592e-02
2.604579031467437744e-01
2.286162227392196655e-01
-6.292532384395599365e-02
2.496653348207473755e-01
-1.929487884044647217e-01
-2.243636101484298706e-01
-3.665637597441673279e-02
8.208452165126800537e-02
9.931059926748275757e-02
-2.355812191963195801e-01
2.413547486066818237e-01
-4.840471222996711731e-02
