1.616675019264221191e+00
9.353843331336975098e-01
4.012929797172546387e-01
-8.166868090629577637e-01
5.196109786629676819e-02
-1.962792038917541504e+00
-1.289101600646972656e+00
6.648517251014709473e-01
-6.518955826759338379e-01
-9.128932952880859375e-01
1.715238690376281738e+00
-5.738050937652587891e-01
-1.835025191307067871e+00
-5.285747647285461426e-01
1.018330335617065430e+00
7.850802540779113770e-01
7.602733969688415527e-01
-2.248544931411743164e+00
-1.667043119668960571e-01
-9.894683957099914551e-02
-7.829684764146804810e-03
-5.171917676925659180e-01
2.832852303981781006e-01
-9.331929087638854980e-01
-4.206624329090118408e-01
1.211076736450195312e+00
1.415246129035949707e+00
-4.716619253158569336e-01
-2.499216496944427490e-01
4.041165113449096680e-01
1.003891602158546448e-01
1.742483973503112793e-01
1.710487604141235352e+00
8.438186049461364746e-01
-1.668938994407653809e-02
1.264949560165405273e+00
3.484357893466949463e-01
5.126082897186279297e-02
1.325990676879882812e+00
-1.650787234306335449e+00
3.566469252109527588e-02
-9.844267368316650391e-02
-2.564229667186737061e-01
-4.986934065818786621e-01
3.559164330363273621e-02
-2.515352010726928711e+00
-5.563244223594665527e-01
1.437236815690994263e-01
-6.810353994369506836e-01
-8.718934655189514160e-01
-1.988224536180496216e-01
-1.137303471565246582e+00
1.587501019239425659e-01
-2.720494031906127930e+00
9.113715291023254395e-01
-3.754210770130157471e-01
9.349931776523590088e-02
-5.408396124839782715e-01
-8.407705426216125488e-01
9.443750977516174316e-01
7.291224002838134766e-01
2.977549731731414795e-01
-1.445447206497192383e+00
1.198514461517333984e+00
-5.623247101902961731e-02
-1.539117455482482910e+00
2.284053325653076172e+00
2.160926312208175659e-01
-9.615795016288757324e-01
7.493627071380615234e-01
-1.774795532226562500e+00
8.143065571784973145e-01
-2.631501257419586182e-01
2.258194684982299805e-01
-9.357987642288208008e-01
-3.059950768947601318e-01
-8.783926963806152344e-01
9.842721223831176758e-01
-3.730945587158203125e-01
-1.315126895904541016e+00
5.250696539878845215e-01
5.672415494918823242e-01
-1.003236055374145508e+00
-4.573025405406951904e-01
7.859140634536743164e-01
5.175551176071166992e-01
-7.624226808547973633e-01
7.978016138076782227e-01
-1.808097839355468750e+00
6.450624465942382812e-01
-1.985963806509971619e-02
3.932723402976989746e-02
2.494399785995483398e+00
6.074064373970031738e-01
4.076343476772308350e-01
9.642251729965209961e-01
-6.041468977928161621e-01
2.572714090347290039e-01
3.765836656093597412e-01
1.721468210220336914e+00
