3.033374547958374023e-01
-1.798251122236251831e-01
-9.571915864944458008e-02
5.366741865873336792e-02
1.892846375703811646e-01
4.101498052477836609e-02
-2.803123295307159424e-01
-6.662806868553161621e-02
-9.751945035532116890e-04
-1.826382130384445190e-01
1.901986151933670044e-01
2.984308302402496338e-01
1.757048070430755615e-01
2.220055758953094482e-01
-9.318025410175323486e-02
2.256427556276321411e-01
2.959478199481964111e-01
-8.883628249168395996e-02
-1.190349981188774109e-01
-5.979540571570396423e-02
-1.179293841123580933e-01
1.435080468654632568e-01
-1.165501698851585388e-01
-2.508665621280670166e-01
1.149625629186630249e-01
1.464230716228485107e-01
-5.707438290119171143e-02
-2.057350128889083862e-01
-1.333482796326279640e-03
2.713150382041931152e-01
-2.588252127170562744e-01
-1.867786198854446411e-01
-2.992858588695526123e-01
5.299486685544252396e-03
-1.261092275381088257e-01
1.460901945829391479e-01
1.148973330855369568e-01
2.060793042182922363e-01
-2.322523444890975952e-01
1.336680650711059570e-01
-2.944975197315216064e-01
5.852817371487617493e-02
2.153788506984710693e-01
-2.366071343421936035e-01
2.305837720632553101e-01
2.359049320220947266e-01
-2.852077782154083252e-02
1.113151386380195618e-01
1.344211697578430176e-01
-6.405863165855407715e-02
1.292714569717645645e-02
2.448047548532485962e-01
2.184994369745254517e-01
-1.091823205351829529e-01
2.617297470569610596e-01
-1.816470175981521606e-01
1.827312260866165161e-01
1.050349473953247070e-01
7.696784287691116333e-02
-1.818454009480774403e-03
3.185064792633056641e-01
2.956328690052032471e-01
1.675620526075363159e-01
-3.123759627342224121e-01
6.763162463903427124e-02
1.004466637969017029e-01
2.144797891378402710e-01
-2.891935706138610840e-01
1.410920023918151855e-01
3.948872163891792297e-02
1.303854733705520630e-01
1.203870251774787903e-01
8.714064955711364746e-03
-1.425718665122985840e-01
2.630378901958465576e-01
2.484820336103439331e-01
-2.718262076377868652e-01
9.546324610710144043e-02
-5.522995814681053162e-02
2.821889817714691162e-01
2.766565680503845215e-01
-1.014475300908088684e-01
1.130000427365303040e-01
-3.755871579051017761e-02
-1.318954974412918091e-01
-1.258201748132705688e-01
9.649939835071563721e-02
9.346379339694976807e-02
-2.274499237537384033e-01
-6.299827247858047485e-02
2.796082198619842529e-01
-2.457970827817916870e-01
-1.764838993549346924e-01
7.993906736373901367e-02
3.690401092171669006e-02
3.016959726810455322e-01
1.230084374547004700e-01
2.378777563571929932e-01
3.127044141292572021e-01
-2.738558948040008545e-01
