2.340057045221328735e-01
1.055818647146224976e-01
2.389944940805435181e-01
7.366042584180831909e-02
7.911995798349380493e-02
-1.224376261234283447e-01
2.323390990495681763e-01
2.044397592544555664e-01
1.264720559120178223e-01
-2.071078717708587646e-01
1.063371375203132629e-01
-3.637435287237167358e-02
-2.672671675682067871e-01
-2.012243270874023438e-01
2.325124591588973999e-01
-2.724797427654266357e-01
2.950710058212280273e-02
-1.435965579003095627e-02
1.966853439807891846e-01
2.263249307870864868e-01
3.447196260094642639e-02
-3.498767968267202377e-03
-2.562759220600128174e-01
-2.497665584087371826e-01
2.452031224966049194e-01
2.568562328815460205e-01
-1.919564306735992432e-01
1.654013693332672119e-01
-2.472471743822097778e-01
-2.512849569320678711e-01
1.104479655623435974e-01
7.416342943906784058e-02
-2.451173812150955200e-01
-2.110866457223892212e-01
2.388756908476352692e-02
2.136235535144805908e-01
5.295419692993164062e-02
2.050116509199142456e-01
2.518931627273559570e-01
6.769778579473495483e-02
8.277495950460433960e-02
2.540821135044097900e-01
-4.433726519346237183e-02
-2.135991305112838745e-02
-2.101062797009944916e-02
-3.709116205573081970e-02
-2.565476298332214355e-01
2.022846490144729614e-01
-9.793708473443984985e-02
1.250547468662261963e-01
9.170795232057571411e-02
-2.364236861467361450e-01
1.161797121167182922e-01
-1.165924668312072754e-01
-3.801634593401104212e-04
-1.287489086389541626e-01
2.588950097560882568e-01
-7.077088952064514160e-02
-2.099003195762634277e-01
5.350882187485694885e-02
-8.535432070493698120e-02
-2.153240591287612915e-01
2.377407997846603394e-01
1.294877827167510986e-01
2.161209657788276672e-02
1.209981143474578857e-01
2.009516209363937378e-01
-1.853776536881923676e-02
7.621359825134277344e-02
-2.432677000761032104e-01
-6.727141886949539185e-02
2.460756748914718628e-01
2.448969185352325439e-01
-4.314761608839035034e-02
2.061060518026351929e-01
-2.462388426065444946e-01
-1.354140937328338623e-01
-8.999864012002944946e-02
-4.708352684974670410e-02
3.340477496385574341e-02
-9.036835283041000366e-02
8.927234262228012085e-02
-5.758063867688179016e-02
2.345167100429534912e-01
-1.215494200587272644e-01
7.460501790046691895e-02
-2.396510988473892212e-01
-1.166978701949119568e-01
-2.045745104551315308e-01
-7.108318805694580078e-02
9.595376998186111450e-02
-2.364584803581237793e-01
2.255202233791351318e-01
1.537099201232194901e-02
2.066609561443328857e-01
1.321061402559280396e-01
2.462349981069564819e-01
-9.796087443828582764e-02
-2.201370596885681152e-01
6.751307100057601929e-02
