1.060180544853210449e+00
-1.534013628959655762e+00
-5.563419461250305176e-01
8.481219410896301270e-01
-3.266395330429077148e-01
-2.316775798797607422e+00
-5.752499103546142578e-01
-9.135391712188720703e-01
-6.984715163707733154e-02
3.427898585796356201e-01
-4.402116537094116211e-01
-1.562513858079910278e-01
-1.096235036849975586e+00
3.597808480262756348e-01
7.499499320983886719e-01
-2.439323961734771729e-01
4.211685955524444580e-01
6.338882446289062500e-01
3.136476874351501465e-01
7.661707997322082520e-01
-6.623805761337280273e-01
-7.261070609092712402e-01
-1.221637010574340820e+00
-1.526686787605285645e+00
1.555684357881546021e-01
-1.164395332336425781e+00
6.798171997070312500e-01
-2.090345621109008789e-01
-9.416194558143615723e-01
-3.424021899700164795e-01
-1.034500360488891602e+00
-8.728621900081634521e-02
9.027765393257141113e-01
1.418482661247253418e-01
4.806115031242370605e-01
3.587854802608489990e-01
-2.386198997497558594e+00
-9.172874093055725098e-01
-4.952269792556762695e-01
3.998112380504608154e-01
4.546911120414733887e-01
4.731234908103942871e-01
-1.057831764221191406e+00
1.108431816101074219e+00
3.141950666904449463e-01
2.952131032943725586e-01
1.720540165901184082e+00
-1.091614603996276855e+00
1.007169008255004883e+00
-1.000072002410888672e+00
-4.161613583564758301e-01
-8.275638818740844727e-01
2.868614792823791504e-01
2.123837769031524658e-01
1.161269426345825195e+00
5.429953336715698242e-01
3.409263789653778076e-01
-9.873489737510681152e-01
-8.396956920623779297e-01
-8.771190643310546875e-01
-1.431729912757873535e+00
2.154314666986465454e-01
2.926284372806549072e-01
5.616154670715332031e-01
-2.099703252315521240e-01
3.685415089130401611e-01
2.354128658771514893e-02
8.999088406562805176e-01
1.874544978141784668e+00
1.193387359380722046e-01
-4.309553503990173340e-01
3.105676174163818359e-01
-1.167107373476028442e-01
8.159697055816650391e-01
-5.247881412506103516e-01
-1.780344396829605103e-01
1.170029878616333008e+00
-1.267243474721908569e-01
-2.910161018371582031e-01
4.818139076232910156e-01
-5.617887973785400391e-01
-5.062464475631713867e-01
4.445526897907257080e-01
-9.126821756362915039e-01
-1.281558632850646973e+00
7.391464114189147949e-01
-3.012932240962982178e-01
-1.141495257616043091e-01
1.522030115127563477e+00
1.736652612686157227e+00
2.983404397964477539e-01
3.760560989379882812e+00
8.411043882369995117e-02
3.308502733707427979e-01
-3.379023969173431396e-01
3.124388754367828369e-01
9.714769124984741211e-01
-8.767236471176147461e-01
-7.739653587341308594e-01
1.188683629035949707e+00
